Signals
(0, 4, 0) (1, 4, 1) 
(0, 6, 0) (3, 4, 1) (5, 3, 1) 
(0, 1, 0) (3, 3, 1) (5, 4, 1) 
(4, 2, 0) (4, 5, 0) (9, 4, 1) 
(7, 4, 1) (10, 2, 0) (10, 3, 0) (10, 5, 0) 
End Signals
Routed
[(0, 4, 0),(0, 4, 1)] [(0, 4, 1),(1, 4, 1)] 
[(0, 6, 0),(1, 6, 0)] [(1, 6, 0),(2, 6, 0)] [(2, 6, 0),(3, 6, 0)] [(3, 4, 0),(3, 4, 1)] [(3, 4, 0),(3, 5, 0)] [(3, 5, 0),(3, 6, 0)] [(3, 6, 0),(4, 6, 0)] [(4, 6, 0),(5, 6, 0)] [(5, 3, 1),(6, 3, 1)] [(6, 3, 1),(6, 4, 1)] [(5, 4, 0),(5, 5, 0)] [(5, 4, 0),(6, 4, 0)] [(5, 5, 0),(5, 6, 0)] [(6, 4, 0),(6, 4, 1)] 
[(0, 1, 0),(1, 1, 0)] [(1, 1, 0),(2, 1, 0)] [(2, 1, 0),(3, 1, 0)] [(3, 1, 0),(3, 2, 0)] [(3, 2, 0),(3, 3, 0)] [(3, 3, 0),(3, 3, 1)] [(3, 3, 1),(4, 3, 1)] [(4, 3, 1),(4, 4, 1)] [(4, 4, 1),(5, 4, 1)] 
[(4, 2, 0),(4, 3, 0)] [(4, 3, 0),(5, 3, 0)] [(4, 3, 0),(4, 4, 0)] [(5, 3, 0),(6, 3, 0)] [(4, 4, 0),(4, 5, 0)] [(6, 3, 0),(7, 3, 0)] [(7, 3, 0),(8, 3, 0)] [(8, 3, 0),(8, 3, 1)] [(8, 3, 1),(8, 4, 1)] [(8, 4, 1),(9, 4, 1)] 
[(7, 4, 0),(7, 4, 1)] [(7, 4, 0),(8, 4, 0)] [(8, 4, 0),(9, 4, 0)] [(9, 4, 0),(10, 4, 0)] [(10, 4, 0),(10, 3, 0)] [(10, 4, 0),(10, 5, 0)] [(10, 2, 0),(10, 3, 0)] 
End Routed
